





________
| 1 | 0 |
________
| 1 | 1 |









____________
| 1 | 0 | 1 |
____________
| 0 | 1 | 1 |

































________
| 1 | 0 |
________
| 0 | 0 |



________________
| 1 | 0 | 0 | 1 |
________________
| 1 | 1 | 0 | 0 |
________________
| 1 | 1 | 1 | 1 |
________________
| 1 | 1 | 1 | 1 |



________________
| 1 | 0 | 0 | 1 |
________________
| 0 | 1 | 1 | 1 |
________________
| 1 | 1 | 0 | 0 |
________________
| 0 | 1 | 1 | 1 |



____________________
| 1 | 0 | 1 | 0 | 1 |
____________________
| 0 | 1 | 0 | 1 | 0 |
____________________
| 1 | 0 | 0 | 0 | 0 |
____________________
| 1 | 1 | 1 | 1 | 1 |
____________________
| 1 | 1 | 1 | 0 | 0 |
____________________
| 1 | 0 | 0 | 1 | 0 |
____________________
| 1 | 1 | 0 | 1 | 1 |
____________________
| 1 | 0 | 0 | 1 | 1 |
